     0/199     1.19G    0.1064   0.07461   0.04276    0.2237        55       640 0.0008135   0.02633 3.827e-05 5.657e-06   0.09436   0.07621   0.04118
     1/199     2.44G   0.09662   0.08741   0.03694     0.221        93       640  0.004552    0.1363 0.0008514 0.0001844   0.08991   0.07823    0.0377
     2/199     2.44G   0.09106   0.09229   0.03448    0.2178        91       640   0.00533    0.1184 0.0009956  0.000168   0.08919   0.08053   0.03641
     3/199     2.44G   0.08758   0.09214   0.03282    0.2125        46       640   0.01227    0.1661  0.004704  0.000955   0.08362   0.08095    0.0344
     4/199     2.44G   0.08479   0.08898   0.03155    0.2053        49       640    0.2989    0.1779   0.02242  0.004848   0.08523   0.08546   0.03347
     5/199     2.44G   0.08133   0.08899   0.02975    0.2001       119       640    0.6155     0.124    0.0583    0.0144   0.07772   0.07995   0.03036
     6/199     2.44G   0.07971   0.08665   0.02766     0.194        63       640    0.5456    0.1528    0.0251  0.006482   0.08756    0.1251   0.03191
     7/199     2.44G   0.07665   0.08657   0.02565    0.1889        77       640     0.668    0.1552    0.1083   0.02832   0.07373   0.08207   0.02733
     8/199     2.44G   0.07295   0.08485   0.02375    0.1816        47       640    0.4434    0.1832    0.1328   0.04022   0.07234   0.07536   0.02339
     9/199     2.44G    0.0702   0.08481   0.02124    0.1763        75       640    0.2289    0.3205    0.1709   0.05049   0.06838   0.07718   0.02234
    10/199     2.44G    0.0684   0.08085   0.01958    0.1688        36       640    0.3514    0.3644     0.254   0.08489   0.06395   0.09255   0.02012
    11/199     2.44G    0.0653   0.07896   0.01847    0.1627        40       640    0.2795    0.2581    0.1521   0.04499    0.0717   0.09882   0.02383
    12/199     2.44G   0.06257   0.07658    0.0171    0.1562        85       640    0.4287    0.4345    0.3236    0.1098   0.05825   0.08077   0.01732
    13/199     2.44G   0.06014   0.07667   0.01526    0.1521        90       640    0.4767    0.5282    0.4458     0.179   0.05432   0.06681   0.01421
    14/199     2.44G   0.05705   0.07583   0.01467    0.1475        59       640    0.5387    0.4799     0.449    0.1794   0.05151   0.06542   0.01407
    15/199     2.44G   0.05598   0.07484   0.01353    0.1444        57       640    0.5651    0.5037    0.5151    0.2106   0.05039   0.06535   0.01464
    16/199     2.44G   0.05442   0.07294   0.01237    0.1397        30       640    0.5928     0.527    0.5356     0.239   0.04764   0.06183   0.01275
    17/199     2.44G   0.05309   0.07219   0.01201    0.1373        48       640    0.5842    0.5501    0.5489    0.2373   0.04757   0.06228   0.01254
    18/199     2.44G   0.05243   0.07294   0.01171    0.1371        73       640    0.6276    0.5631    0.5751     0.257   0.04639   0.05992   0.01484
    19/199     2.44G   0.05108   0.06986   0.01153    0.1325        34       640    0.6212    0.5566    0.5775    0.2511   0.04926   0.06367   0.01206
    20/199     2.44G   0.04964   0.07073   0.01074    0.1311        61       640    0.6325    0.5818    0.5995    0.2787    0.0451   0.06441   0.01082
    21/199     2.44G   0.04946     0.071    0.0106    0.1311        32       640    0.6949    0.5703    0.6147    0.2849   0.04335   0.05583  0.008762
    22/199     2.44G   0.04842   0.06997   0.01039    0.1288        83       640    0.6822    0.5879    0.6204    0.2822   0.04494   0.06021   0.00987
    23/199     2.44G    0.0484   0.06928   0.01011    0.1278        92       640    0.6395    0.6324     0.642    0.3097   0.04281   0.05723  0.009554
    24/199     2.44G   0.04713   0.06916  0.009466    0.1258        52       640    0.7614    0.5768    0.6586    0.3254    0.0418   0.05497  0.008673
    25/199     2.44G   0.04703   0.06931  0.009605    0.1259        85       640    0.7173    0.6366     0.674    0.3291   0.04183   0.05514  0.008125
    26/199     2.44G   0.04658   0.06876  0.009222    0.1246        72       640    0.7147    0.6044    0.6556    0.3215   0.04191   0.05473  0.009245
    27/199     2.44G   0.04574    0.0686  0.009035    0.1234        64       640    0.6869    0.6011    0.6381     0.316   0.04201   0.05618  0.009008
    28/199     2.44G   0.04582   0.06737  0.008981    0.1222        59       640    0.7366    0.6315    0.6841    0.3417   0.04093   0.05536  0.007704
    29/199     2.44G   0.04503   0.06813  0.008867     0.122        65       640    0.7345    0.6289    0.6857    0.3501   0.04017   0.05474  0.008594
    30/199     2.44G   0.04469   0.06762  0.008505    0.1208        97       640    0.7064     0.625    0.6717    0.3357   0.04063   0.05437  0.007901
    31/199     2.44G   0.04436   0.06672  0.008572    0.1197        61       640    0.7162     0.615    0.6715    0.3453   0.03993   0.05392  0.008979
    32/199     2.44G   0.04419   0.06739  0.008155    0.1197        98       640    0.7598    0.6374    0.7038    0.3645   0.03927    0.0534  0.007337
    33/199     2.44G   0.04391   0.06716  0.008019    0.1191        56       640     0.717    0.6267    0.6821    0.3525   0.03948   0.05312  0.008237
    34/199     2.44G   0.04361   0.06512  0.007871    0.1166        35       640    0.7236    0.6424    0.6993    0.3591    0.0393   0.05619    0.0079
    35/199     2.44G    0.0437   0.06637   0.00775    0.1178        61       640    0.7057    0.6717    0.7109    0.3656   0.03923   0.05532  0.007667
    36/199     2.44G   0.04304   0.06357  0.007577    0.1142        87       640    0.7469    0.6595    0.7278    0.3782   0.03916   0.05293  0.006662
    37/199     2.44G   0.04279   0.06471  0.007715    0.1152        35       640      0.68    0.6679    0.7058    0.3723   0.03925   0.05537   0.00844
    38/199     2.44G   0.04294   0.06524  0.007599    0.1158        64       640    0.7671     0.665     0.729    0.3858   0.03817   0.05293  0.007431
    39/199     2.44G    0.0422   0.06368  0.007324    0.1132        38       640    0.7584    0.6823     0.737    0.3964   0.03732   0.05142  0.006851
    40/199     2.44G    0.0418   0.06366  0.007126    0.1126        62       640    0.7442    0.6864    0.7372     0.391   0.03861   0.05176  0.007095
    41/199     2.44G   0.04204   0.06416  0.007454    0.1136        61       640    0.7002    0.6939    0.7264    0.3892   0.03817   0.05371  0.009229
    42/199     2.44G   0.04199   0.06415  0.007074    0.1132        52       640    0.7391    0.6804    0.7313     0.396   0.03806   0.05134  0.007429
    43/199     2.44G   0.04185   0.06244  0.006824    0.1111        34       640     0.734    0.6988     0.738    0.4048   0.03737   0.05208  0.007601
    44/199     2.44G   0.04142   0.06487  0.006855    0.1131        69       640    0.7161    0.6939    0.7291    0.3996   0.03725   0.05286  0.008778
    45/199     2.44G   0.04132   0.06251  0.007115    0.1109        80       640    0.7702    0.6735    0.7428    0.4076   0.03749   0.05133  0.006388
    46/199     2.44G   0.04159   0.06366   0.00681    0.1121        52       640    0.7159    0.6812    0.7199    0.3919   0.03794   0.05381   0.00841
    47/199     2.44G   0.04126   0.06611  0.006936    0.1143        72       640      0.76    0.6859    0.7492    0.4125    0.0372   0.05198  0.007394
    48/199     2.44G   0.04059   0.06289  0.006711    0.1102        39       640    0.7435    0.6825     0.738    0.4096   0.03744   0.05257  0.009027
    49/199     2.44G   0.04051   0.06326  0.006473    0.1102        52       640    0.7377    0.6979    0.7389    0.4145   0.03679   0.05169  0.007095
    50/199     2.44G   0.04112   0.06318  0.006631    0.1109        76       640    0.7599    0.7026    0.7602    0.4319   0.03666   0.05053  0.007648
    51/199     2.44G   0.04062   0.06272  0.006393    0.1097        49       640    0.7571    0.6919    0.7513    0.4262   0.03655   0.05078  0.008472
    52/199     2.44G   0.03984   0.06257  0.006456    0.1089        90       640    0.7318    0.7149    0.7607    0.4221   0.03636   0.05118  0.006738
    53/199     2.44G   0.04016   0.06324  0.006134    0.1095        61       640    0.7106    0.7081    0.7369    0.4082   0.03706   0.05322  0.008843
    54/199     2.44G   0.04014   0.06207  0.006238    0.1084        91       640    0.7464     0.693    0.7386    0.4114   0.03661   0.05135  0.009771
    55/199     2.44G    0.0397    0.0629  0.006358     0.109        63       640    0.7539    0.7117      0.76    0.4258   0.03612   0.05072   0.00738
    56/199     2.44G   0.04016   0.06365  0.006223      0.11        58       640    0.7388    0.7101    0.7547    0.4222   0.03649   0.05106  0.007507
    57/199     2.44G   0.03965   0.06149  0.006087    0.1072        98       640    0.7893    0.6748    0.7524    0.4095   0.03657   0.05195  0.007436
    58/199     2.44G   0.03922   0.06129  0.006035    0.1065        51       640    0.7384    0.7121    0.7476     0.427   0.03627   0.05274  0.008329
    59/199     2.44G   0.03947   0.06244  0.006186    0.1081        89       640     0.751    0.7117    0.7543    0.4299   0.03601   0.05294  0.008161
    60/199     2.44G   0.03941   0.06185  0.006007    0.1073        54       640     0.742    0.7146    0.7519    0.4199   0.03599   0.05154  0.007327
    61/199     2.44G   0.03952   0.06202  0.005794    0.1073        94       640    0.7357    0.7266    0.7582    0.4275   0.03624   0.05058  0.007814
    62/199     2.44G   0.03929   0.06053  0.006306    0.1061        59       640    0.7365    0.7262    0.7607    0.4287   0.03616   0.05306  0.007061
    63/199     2.44G   0.03904   0.06167  0.005859    0.1066        51       640    0.8098    0.6673    0.7652    0.4255    0.0358   0.05012  0.007093
    64/199     2.44G    0.0389   0.06084  0.006019    0.1058        46       640    0.7652    0.7174    0.7664    0.4355   0.03581   0.05132  0.008399
    65/199     2.44G   0.03882   0.05951   0.00592    0.1042        53       640    0.8005    0.7094    0.7819    0.4403   0.03551   0.05195  0.005836
    66/199     2.44G   0.03871   0.06294  0.005664    0.1073        54       640    0.7562    0.6959    0.7543    0.4269   0.03612   0.05322  0.009084
    67/199     2.44G   0.03859   0.06016  0.005636    0.1044        71       640    0.7154    0.7098     0.745    0.4254   0.03593   0.05207   0.01077
    68/199     2.44G    0.0387   0.06214  0.005947    0.1068        74       640    0.7551    0.7239    0.7749    0.4439   0.03537   0.05053  0.007833
    69/199     2.44G    0.0387   0.06243  0.005795    0.1069        67       640    0.7543    0.7061    0.7702    0.4309   0.03557   0.05151  0.006547
    70/199     2.44G   0.03827   0.05968  0.005493    0.1034        58       640    0.7578    0.7339    0.7767    0.4498   0.03498   0.05038  0.006203
    71/199     2.44G   0.03831    0.0602   0.00549     0.104        50       640    0.7744    0.7192    0.7774    0.4482   0.03503   0.05107  0.007171
    72/199     2.44G   0.03844   0.06147  0.005484    0.1054        43       640    0.7601    0.7224    0.7727    0.4473   0.03513   0.04959  0.006252
    73/199     2.44G   0.03848   0.06039  0.005436    0.1043        53       640      0.78    0.7217    0.7822    0.4497   0.03505   0.04953  0.006636
    74/199     2.44G   0.03819   0.06062   0.00514     0.104        63       640    0.8049    0.7075    0.7885    0.4563   0.03483   0.04934  0.007566
    75/199     2.44G   0.03806   0.05997  0.005251    0.1033        41       640    0.7417    0.7412      0.78    0.4469   0.03505   0.05067  0.005938
    76/199     2.44G   0.03808   0.06057  0.005216    0.1039        60       640    0.7634    0.7203    0.7731    0.4484   0.03531   0.05032  0.006385
    77/199     2.44G   0.03805   0.06133  0.005257    0.1046        41       640    0.7591    0.7435    0.7817    0.4539   0.03483   0.04909  0.006434
    78/199     2.44G   0.03843   0.06078  0.005376    0.1046        75       640    0.7939     0.722    0.7807    0.4508   0.03508   0.05044  0.006561
    79/199     2.44G   0.03793    0.0605  0.005501    0.1039        62       640     0.804    0.7192    0.7923    0.4577   0.03479   0.04962  0.005679
    80/199     2.44G    0.0375   0.05892  0.005128    0.1016        58       640    0.7448    0.7329    0.7738    0.4495   0.03497     0.053  0.006818
    81/199     2.44G   0.03791   0.05981   0.00551    0.1032        52       640    0.8091    0.6985    0.7843    0.4538   0.03456   0.04899  0.006196
    82/199     2.44G   0.03789   0.05982  0.005143    0.1028        89       640    0.7868    0.7327    0.7879    0.4601   0.03457   0.04994  0.005965
    83/199     2.44G   0.03718   0.05846  0.005005    0.1006        61       640    0.8068    0.7207    0.7902    0.4606    0.0347   0.04927  0.005848
    84/199     2.44G   0.03741   0.05948  0.005003    0.1019        92       640    0.7755    0.7467    0.7937    0.4614   0.03465   0.04959  0.006049
    85/199     2.44G   0.03692   0.05877  0.004893    0.1006        49       640    0.7538    0.7436    0.7827    0.4634   0.03459   0.04962  0.005617
    86/199     2.44G   0.03712   0.05937  0.004748    0.1012        54       640     0.779    0.7182     0.782    0.4548   0.03475   0.05062  0.007792
    87/199     2.44G   0.03725   0.05971  0.004952    0.1019        56       640    0.7876    0.7259    0.7949    0.4664   0.03436   0.04881  0.006106
    88/199     2.44G   0.03747   0.06001   0.00516    0.1026        94       640     0.775    0.7372    0.7898    0.4643   0.03423   0.04859  0.006258
    89/199     2.44G   0.03692   0.05862  0.005367    0.1009        49       640    0.7836    0.7407    0.7916     0.465    0.0343   0.04877   0.00579
    90/199     2.44G   0.03724   0.05931  0.004883    0.1014        75       640    0.8154    0.7317    0.7996    0.4716   0.03425    0.0485  0.005537
    91/199     2.44G   0.03713   0.05974  0.004865    0.1017        67       640    0.8271    0.7068    0.7937    0.4645   0.03425   0.04867  0.006276
    92/199     2.44G   0.03711   0.05893  0.004689    0.1007        38       640    0.7771    0.7403    0.7984    0.4711   0.03419   0.04888  0.005866
    93/199     2.44G   0.03704   0.05862  0.005162    0.1008        78       640    0.7831    0.7441    0.7968    0.4709   0.03422   0.04852   0.00579
    94/199     2.44G   0.03648   0.05955  0.004496    0.1005        27       640    0.8035    0.7291    0.8008    0.4698   0.03435   0.04979  0.005679
    95/199     2.44G   0.03711   0.05996  0.004687    0.1018        68       640    0.8084    0.7363    0.8046    0.4797   0.03385   0.04766  0.005631
    96/199     2.44G   0.03693    0.0579   0.00481   0.09964        96       640     0.786     0.733    0.7986    0.4699   0.03421   0.04859  0.005556
    97/199     2.44G   0.03713   0.05922  0.004666     0.101        21       640    0.7941    0.7375    0.7964    0.4656   0.03403   0.04932  0.006163
    98/199     2.44G   0.03668   0.05939  0.004634    0.1007        95       640    0.8297    0.7174    0.8011    0.4707   0.03407   0.04828  0.005541
    99/199     2.44G   0.03647   0.05896  0.004703    0.1001        37       640    0.8067    0.7268    0.7997     0.475   0.03396   0.04834  0.005638
   100/199     2.44G   0.03672   0.05762  0.004604   0.09894        85       640    0.8197    0.7207    0.8028    0.4717   0.03377   0.04853  0.005938
   101/199     2.44G   0.03639    0.0581  0.004635   0.09913        75       640    0.8157      0.73    0.8007    0.4762   0.03398    0.0485  0.005321
   102/199     2.44G   0.03645   0.05765  0.004581   0.09869        40       640    0.8026    0.7359     0.802    0.4778   0.03379   0.04808  0.006068
   103/199     2.44G   0.03646   0.05732  0.004768   0.09855        44       640    0.7856    0.7344    0.7986    0.4745   0.03366   0.04773  0.005388
   104/199     2.44G   0.03647   0.05915  0.004528    0.1001        51       640    0.7945    0.7394    0.8047    0.4763   0.03362   0.04756  0.005276
   105/199     2.44G   0.03613   0.05876  0.004738   0.09963        55       640    0.8002    0.7407    0.8045    0.4811   0.03354   0.04774  0.005081
   106/199     2.44G   0.03631   0.05882  0.004455   0.09959        61       640    0.7885    0.7646    0.8095    0.4808   0.03364   0.04746   0.00551
   107/199     2.44G   0.03597   0.05795  0.004561   0.09848        62       640    0.7767    0.7548    0.7997    0.4712   0.03364   0.04757  0.004952
   108/199     2.44G   0.03638   0.05895  0.004664       0.1        79       640    0.7813    0.7427    0.8027    0.4772   0.03365   0.04745  0.005313
   109/199     2.44G   0.03638   0.05842  0.004387   0.09919        55       640    0.7779    0.7643    0.8109    0.4785   0.03353   0.04821  0.004782
   110/199     2.44G   0.03603   0.05656  0.004451   0.09704        35       640    0.8302    0.7275    0.8131    0.4849   0.03321   0.04641  0.004796
   111/199     2.44G   0.03622   0.05882  0.004402   0.09944        68       640    0.8143    0.7187    0.8045    0.4843   0.03356   0.04788  0.005012
   112/199     2.44G   0.03603   0.05698  0.004388    0.0974        48       640    0.8208    0.7334     0.809    0.4887   0.03355   0.04801  0.005235
   113/199     2.44G   0.03576   0.05795  0.004346   0.09806        82       640    0.8119    0.7465    0.8113    0.4834   0.03347   0.04793  0.004942
   114/199     2.44G   0.03577   0.05711  0.004024    0.0969        33       640    0.7957    0.7541    0.8116    0.4845   0.03338   0.04706  0.005046
   115/199     2.44G    0.0362   0.05724   0.00441   0.09785        55       640    0.8007    0.7422     0.813     0.486   0.03359   0.04724  0.004885
   116/199     2.44G    0.0353   0.05752  0.004241   0.09707        78       640    0.8253    0.7247    0.8085    0.4841   0.03354   0.04705  0.005085
   117/199     2.44G   0.03597    0.0588  0.004201   0.09897        95       640    0.8115    0.7526    0.8141    0.4835   0.03348   0.04736  0.004949
   118/199     2.44G    0.0361   0.05863  0.004241   0.09897        77       640    0.8291    0.7403    0.8138    0.4912   0.03326   0.04697  0.005075
   119/199     2.44G   0.03537   0.05665  0.004133   0.09615        82       640    0.8087     0.762    0.8153    0.4861   0.03336   0.04656  0.004713
   120/199     2.44G   0.03548   0.05663  0.004215   0.09632        79       640    0.8183    0.7425    0.8134    0.4891   0.03335   0.04774  0.004624
   121/199     2.44G   0.03572   0.05794  0.004198   0.09786        71       640    0.8169    0.7443    0.8119    0.4865   0.03324   0.04688  0.004592
   122/199     2.44G   0.03538   0.05626  0.004217   0.09585        47       640    0.8022    0.7574    0.8129    0.4866     0.033   0.04634  0.004807
   123/199     2.44G   0.03577   0.05741  0.004302   0.09749        76       640     0.838    0.7312    0.8125    0.4875   0.03316   0.04658  0.004531
   124/199     2.44G   0.03573   0.05729  0.004176    0.0972        58       640     0.819    0.7411    0.8146    0.4865   0.03303   0.04642  0.004875
   125/199     2.44G    0.0357   0.05691   0.00426   0.09687        74       640    0.7979    0.7521    0.8112    0.4855   0.03311   0.04714  0.004806
   126/199     2.44G   0.03547   0.05659  0.004014   0.09608        75       640    0.8199    0.7397    0.8157    0.4882    0.0331   0.04686  0.004772
   127/199     2.44G   0.03559   0.05738  0.003969   0.09694        41       640    0.8369    0.7263     0.817    0.4884   0.03303   0.04703  0.004668
   128/199     2.44G   0.03576   0.05792  0.003903   0.09758        71       640    0.8297    0.7282     0.812    0.4871   0.03336   0.04761   0.00478
   129/199     2.44G   0.03569    0.0584  0.003937   0.09803        94       640    0.7937      0.76    0.8158    0.4942   0.03303   0.04666  0.004581
   130/199     2.44G   0.03486   0.05613  0.003869   0.09486        69       640    0.8067    0.7541    0.8173    0.4943   0.03306   0.04643  0.004787
   131/199     2.44G   0.03534   0.05649   0.00394   0.09577        89       640     0.815    0.7517    0.8176    0.4928   0.03315   0.04745  0.004686
   132/199     2.44G   0.03563   0.05711  0.004107   0.09685        28       640     0.831    0.7325    0.8143    0.4933   0.03311   0.04674  0.004768
   133/199     2.44G   0.03508   0.05645  0.003872    0.0954        44       640    0.8192    0.7569    0.8222    0.4949   0.03307   0.04697  0.004717
   134/199     2.44G     0.035   0.05647     0.004   0.09547       109       640    0.8238    0.7388    0.8194    0.4951   0.03302   0.04723  0.004446
   135/199     2.44G   0.03538   0.05746  0.003803   0.09664        38       640    0.8102    0.7559    0.8208    0.4955   0.03298   0.04719  0.004506
   136/199     2.44G   0.03518   0.05692  0.003825   0.09593        48       640    0.8058    0.7526    0.8167    0.4921     0.033   0.04691  0.004494
   137/199     2.44G   0.03507   0.05663  0.003894    0.0956        50       640    0.8307    0.7372    0.8211    0.4977   0.03277    0.0463  0.004361
   138/199     2.44G   0.03527   0.05584   0.00384   0.09495       106       640    0.8212    0.7475     0.817    0.4963   0.03285   0.04624  0.004449
   139/199     2.44G   0.03487   0.05584   0.00385   0.09456        47       640    0.7922    0.7712    0.8177    0.4986   0.03287   0.04627  0.004368
   140/199     2.44G   0.03513    0.0558  0.003844   0.09478        42       640    0.7894     0.765    0.8174     0.496   0.03283   0.04619  0.004634
   141/199     2.44G   0.03495   0.05694  0.003922   0.09581        60       640    0.8034    0.7607    0.8218    0.4974   0.03278   0.04596   0.00427
   142/199     2.44G   0.03454   0.05655  0.004273   0.09537        50       640    0.8245    0.7505    0.8266    0.5034   0.03276     0.046  0.004185
   143/199     2.44G   0.03502   0.05584  0.003804   0.09466        48       640    0.8209    0.7516    0.8245    0.4986   0.03284   0.04683  0.004367
   144/199     2.44G   0.03485   0.05616  0.003907   0.09491        64       640    0.8068    0.7607     0.822     0.499    0.0327   0.04647  0.004296
   145/199     2.44G   0.03521   0.05612  0.003723   0.09505        57       640    0.8424    0.7465    0.8239    0.5025   0.03273   0.04702  0.004334
   146/199     2.44G   0.03485   0.05622  0.003708   0.09478        50       640    0.8093    0.7726    0.8257    0.4981    0.0328   0.04628  0.004352
   147/199     2.44G    0.0345    0.0558  0.003687   0.09398        57       640    0.8173    0.7601    0.8261    0.5017   0.03266    0.0463  0.004246
   148/199     2.44G    0.0349   0.05569  0.003887   0.09448        52       640    0.8401    0.7498    0.8248    0.5016   0.03281   0.04633  0.004375
   149/199     2.44G   0.03488   0.05712  0.003877   0.09588        50       640    0.8458    0.7438    0.8268    0.5049   0.03281   0.04642  0.004339
   150/199     2.44G   0.03418   0.05484  0.003864   0.09289        59       640    0.8124    0.7675    0.8248    0.4998   0.03275   0.04644  0.004213
   151/199     2.44G   0.03484   0.05664  0.003666   0.09514        58       640    0.8182    0.7568    0.8226    0.4979   0.03267   0.04625  0.004457
   152/199     2.44G   0.03461   0.05615  0.003767   0.09453        40       640    0.8296    0.7468    0.8216    0.5004   0.03263   0.04613  0.004579
   153/199     2.44G   0.03432    0.0558  0.003561   0.09368        56       640    0.8189    0.7527    0.8226    0.5013   0.03259   0.04612  0.004267
   154/199     2.44G    0.0344   0.05489  0.003975   0.09326        61       640    0.8174    0.7573     0.821    0.5002   0.03256   0.04622  0.004402
   155/199     2.44G   0.03461    0.0557  0.003602   0.09391        59       640    0.8101    0.7634    0.8242    0.5021   0.03272   0.04649  0.004294
   156/199     2.44G   0.03427   0.05605  0.003596   0.09391        90       640    0.8187    0.7569    0.8245    0.4994   0.03274   0.04645  0.004416
   157/199     2.44G   0.03458   0.05533   0.00355   0.09346        38       640    0.8259    0.7491    0.8215    0.4993   0.03278   0.04616  0.004342
   158/199     2.44G   0.03416   0.05624  0.003372   0.09377        66       640    0.8341    0.7509    0.8282    0.5039   0.03269   0.04625  0.004186
   159/199     2.44G   0.03456   0.05534  0.003589   0.09349        80       640    0.8273    0.7527    0.8236    0.5012    0.0327   0.04639  0.004197
   160/199     2.44G   0.03436   0.05459  0.003676   0.09263        23       640    0.8115    0.7721    0.8267    0.5037   0.03261   0.04611   0.00413
   161/199     2.44G   0.03438   0.05535  0.003624   0.09335        80       640    0.8231    0.7582    0.8248    0.5045   0.03263   0.04601  0.004321
   162/199     2.44G   0.03434   0.05531  0.003619   0.09326        64       640    0.8263    0.7641    0.8275    0.5044   0.03259   0.04587  0.004198
   163/199     2.44G   0.03418   0.05652  0.003468   0.09417        55       640    0.8209    0.7659    0.8263    0.5024   0.03262   0.04599  0.004212
   164/199     2.44G   0.03382   0.05528  0.003391   0.09249        58       640     0.812     0.764    0.8252    0.5049   0.03257   0.04587   0.00426
   165/199     2.44G     0.034   0.05474  0.003506   0.09224        75       640    0.8179    0.7596    0.8254    0.5042   0.03275   0.04641  0.004237
   166/199     2.44G   0.03442   0.05453  0.003728   0.09267        62       640     0.799    0.7739     0.826    0.5049   0.03257   0.04628  0.004269
   167/199     2.44G   0.03424   0.05474  0.003537   0.09252        56       640    0.8086    0.7671    0.8275    0.5047   0.03261    0.0463  0.004266
   168/199     2.44G    0.0344   0.05554  0.003647   0.09359        28       640    0.8287     0.749    0.8266    0.5044   0.03257   0.04611   0.00437
   169/199     2.44G   0.03426   0.05621  0.003405   0.09387        70       640    0.8317    0.7509    0.8276    0.5088   0.03262   0.04631  0.004276
   170/199     2.44G   0.03417   0.05469  0.003572   0.09243        47       640    0.8114    0.7684    0.8262    0.5032   0.03261   0.04599  0.004379
   171/199     2.44G   0.03418   0.05434   0.00332   0.09184        48       640    0.8195     0.761    0.8265    0.5066   0.03258   0.04586  0.004451
   172/199     2.44G   0.03435   0.05547  0.003527   0.09335        69       640    0.8205     0.763    0.8281    0.5069   0.03257   0.04587  0.004334
   173/199     2.44G   0.03419   0.05485  0.003687   0.09273        77       640    0.8073    0.7623     0.825    0.5051   0.03263   0.04625  0.004301
   174/199     2.44G   0.03406   0.05617  0.003326   0.09356        86       640    0.8239    0.7564    0.8263    0.5064   0.03263   0.04645   0.00429
   175/199     2.44G   0.03393   0.05472  0.003574   0.09223        59       640     0.848    0.7366    0.8259    0.5065   0.03266   0.04636  0.004405
   176/199     2.44G   0.03425   0.05529  0.003333   0.09287        58       640     0.815    0.7685    0.8282    0.5052   0.03255   0.04635  0.004369
   177/199     2.44G   0.03393   0.05453  0.003391   0.09185        72       640    0.8125    0.7678    0.8273    0.5078    0.0325   0.04626  0.004368
   178/199     2.44G    0.0341   0.05431  0.003413   0.09183        41       640    0.8368    0.7502    0.8259    0.5057   0.03252    0.0463  0.004355
   179/199     2.44G   0.03419   0.05424  0.003338   0.09176        75       640     0.817    0.7662    0.8258    0.5043   0.03255   0.04624  0.004455
   180/199     2.44G   0.03413   0.05522  0.003281   0.09262        77       640    0.8209    0.7658    0.8282    0.5063   0.03258    0.0461  0.004599
   181/199     2.44G   0.03381   0.05323  0.003425   0.09047        58       640     0.828    0.7609    0.8283    0.5081   0.03255     0.046  0.004366
   182/199     2.44G   0.03396   0.05553  0.003313    0.0928        74       640    0.8128    0.7702    0.8259    0.5087   0.03253   0.04605   0.00433
   183/199     2.44G   0.03423   0.05525  0.003301   0.09279        71       640    0.8229    0.7608    0.8263    0.5052   0.03255   0.04601  0.004307
   184/199     2.44G   0.03368   0.05522  0.003199   0.09211        68       640    0.8358    0.7507    0.8252    0.5047   0.03255   0.04605  0.004372
   185/199     2.44G   0.03405   0.05476  0.003492    0.0923        62       640    0.8224    0.7635    0.8265    0.5038   0.03264   0.04607  0.004324
   186/199     2.44G   0.03381   0.05408  0.003211    0.0911        64       640    0.8112    0.7738    0.8285     0.508   0.03265   0.04606  0.004358
   187/199     2.44G   0.03403   0.05626   0.00315   0.09344        83       640    0.8314    0.7585    0.8265    0.5053   0.03265   0.04608  0.004344
   188/199     2.44G   0.03382   0.05393  0.003448    0.0912        56       640     0.823    0.7593    0.8253    0.5051   0.03264   0.04592   0.00433
   189/199     2.44G   0.03398   0.05468  0.003208   0.09187        58       640    0.8127    0.7641    0.8257    0.5062   0.03263   0.04595  0.004309
   190/199     2.44G   0.03408   0.05533  0.003534   0.09295        76       640    0.7944    0.7821    0.8258    0.5083   0.03267    0.0461  0.004301
   191/199     2.44G   0.03377   0.05519  0.003276   0.09223        60       640     0.821     0.762    0.8265    0.5066   0.03261   0.04614  0.004273
   192/199     2.44G   0.03407   0.05399  0.003354   0.09141        59       640    0.8335    0.7515    0.8247    0.5041   0.03263   0.04627  0.004223
   193/199     2.44G   0.03409   0.05298  0.003289   0.09036        51       640    0.8162    0.7711     0.829    0.5062   0.03261   0.04619  0.004155
   194/199     2.44G   0.03386   0.05483  0.003379   0.09207        82       640    0.8228    0.7618     0.828    0.5066   0.03261   0.04625  0.004189
   195/199     2.44G   0.03318   0.05392    0.0032    0.0903        57       640    0.8106    0.7682    0.8269    0.5062   0.03253   0.04622   0.00428
   196/199     2.44G    0.0339   0.05544  0.003305   0.09264        58       640    0.8426    0.7422    0.8273    0.5061   0.03252   0.04597  0.004368
   197/199     2.44G   0.03381   0.05474  0.003083   0.09163        69       640    0.8271    0.7539     0.831     0.505   0.03253   0.04599  0.004319
   198/199     2.44G   0.03369   0.05424  0.003057   0.09098       107       640    0.8194    0.7552    0.8286    0.5042   0.03254   0.04595  0.004317
   199/199     2.44G   0.03372   0.05265  0.003304   0.08967        67       640    0.8292    0.7555    0.8298    0.5055   0.03256   0.04586  0.004282
