     0/199     2.38G   0.09654   0.08606   0.04016    0.2228        55       640    0.2916   0.01644  0.007859  0.001437   0.08916   0.08298    0.0385
     1/199     6.45G   0.07834   0.08229   0.03205    0.1927        93       640    0.3449    0.3598    0.1022   0.02247   0.06719   0.06201   0.03345
     2/199     6.45G   0.06426    0.0669   0.02687     0.158        91       640     0.251    0.4339    0.3211    0.1021   0.05546   0.05969   0.02681
     3/199     6.45G   0.06067   0.06183   0.01869    0.1412        46       640    0.3551    0.7232    0.4922    0.1739   0.05363    0.0537   0.01501
     4/199     6.45G   0.05662   0.05949   0.01182    0.1279        49       640    0.5972    0.7009    0.6968    0.2979   0.04567   0.05055    0.0105
     5/199     6.45G   0.05389   0.05974  0.008887    0.1225       119       640    0.4841    0.7715    0.5945    0.2156   0.04769   0.05115  0.007345
     6/199     6.45G   0.05906   0.05927  0.007927    0.1263        63       640    0.4332     0.755    0.5759    0.2147   0.05097   0.05845  0.006697
     7/199     6.45G   0.05621    0.0594  0.006894    0.1225        77       640    0.6292    0.7313    0.7305    0.3299    0.0426   0.05066  0.006426
     8/199     6.45G   0.05247   0.05716  0.006083    0.1157        47       640    0.6632    0.7924    0.7861    0.3571   0.04289   0.04797  0.005945
     9/199     6.45G   0.04932   0.05818   0.00524    0.1127        75       640    0.7831    0.7676    0.8142    0.4113   0.04108   0.04896  0.005134
    10/199     6.45G   0.04732     0.056  0.004926    0.1082        36       640     0.744    0.7658    0.8124    0.4004   0.03896   0.05422  0.004414
    11/199     6.45G   0.04543   0.05409   0.00487    0.1044        40       640    0.7816    0.7708    0.8221    0.4343   0.03739   0.04802  0.005204
    12/199     6.45G   0.04383   0.05274  0.004773    0.1013        85       640    0.8059    0.7788    0.8236    0.4192   0.03659   0.04831  0.005266
    13/199     6.45G   0.04085    0.0539  0.004259   0.09901        90       640     0.822    0.7909    0.8618     0.486   0.03392   0.04446  0.004136
    14/199     6.45G   0.03942   0.05341  0.004239   0.09706        59       640    0.8237    0.7929    0.8502    0.4685   0.03409   0.04536  0.004755
    15/199     6.45G   0.03846   0.05329  0.003839   0.09559        57       640    0.8004    0.8121    0.8484    0.4411   0.03432   0.04621  0.004228
    16/199     6.45G   0.03763    0.0518  0.003617   0.09304        30       640    0.8237    0.7933    0.8504    0.4985   0.03378   0.04503   0.00404
    17/199     6.45G   0.03738   0.05144  0.003527   0.09234        48       640    0.8246    0.8262    0.8752     0.504   0.03306   0.04436  0.004132
    18/199     6.45G   0.03681   0.05205  0.003391   0.09225        73       640     0.816    0.8153    0.8678     0.516   0.03265   0.04546  0.003381
    19/199     6.45G    0.0361   0.04999  0.003216    0.0893        34       640    0.8224    0.8032     0.851    0.4826   0.03385   0.04597   0.00403
    20/199     6.45G   0.03455   0.05033  0.003007   0.08789        61       640    0.8164    0.8287    0.8715     0.514   0.03203   0.04534  0.004503
    21/199     6.45G   0.03541   0.05074  0.003127   0.08927        32       640    0.7952    0.8247    0.8442    0.4977   0.03246   0.04648   0.00438
    22/199     6.45G   0.03476   0.05007  0.003076   0.08791        83       640    0.8137    0.8045    0.8455    0.5076   0.03226   0.04555  0.004176
    23/199     6.45G   0.03454   0.04945  0.003058   0.08704        92       640    0.8559    0.8067    0.8703    0.5217   0.03198   0.04351  0.003488
    24/199     6.45G   0.03334   0.04917  0.002866   0.08538        52       640      0.83    0.8369     0.886    0.5437   0.03088   0.04143  0.003821
    25/199     6.45G   0.03345   0.04946   0.00269    0.0856        85       640    0.8061     0.833    0.8663    0.5237   0.03174   0.04735  0.003721
    26/199     6.45G   0.03361   0.04914  0.002596   0.08534        72       640    0.8144     0.817    0.8615    0.5214   0.03121   0.04384  0.003841
    27/199     6.45G   0.03268   0.04855  0.002482   0.08371        64       640    0.8472     0.805    0.8675    0.5259   0.03144   0.04436  0.003918
    28/199     6.45G   0.03325   0.04776  0.002418   0.08343        59       640    0.8222    0.8361    0.8749    0.5366   0.03076   0.04559  0.003549
    29/199     6.45G   0.03312   0.04856  0.002455   0.08413        65       640    0.8175    0.8298    0.8595    0.5283   0.03133   0.04414  0.003681
    30/199     6.45G   0.03224   0.04824   0.00225   0.08272        97       640    0.8399    0.8294    0.8851    0.5546   0.03057   0.04369  0.003389
    31/199     6.45G   0.03252   0.04766  0.002311    0.0825        61       640    0.8271    0.8157     0.859    0.5269   0.03095   0.04545  0.004236
    32/199     6.45G   0.03146   0.04804  0.002166   0.08167        98       640    0.8393    0.8193    0.8749    0.5443   0.03074   0.04615  0.003305
    33/199     6.45G   0.03155   0.04789  0.002209   0.08165        56       640    0.8113    0.8356    0.8551    0.5244   0.03113   0.04473  0.003944
    34/199     6.45G   0.03162   0.04608  0.002125   0.07983        35       640       0.8    0.8385    0.8719    0.5393   0.03048   0.04366   0.00364
    35/199     6.45G   0.03182   0.04717  0.002191   0.08118        61       640    0.8423    0.8167    0.8732    0.5484    0.0303    0.0447  0.003702
    36/199     6.45G   0.03141   0.04541  0.002053   0.07888        87       640    0.8228    0.8288    0.8678    0.5332   0.03065   0.04545  0.003774
    37/199     6.45G    0.0314   0.04639  0.002146   0.07994        35       640    0.8424    0.8073    0.8703    0.5416   0.03048   0.04489  0.003492
    38/199     6.45G   0.03125   0.04613  0.001938   0.07932        64       640    0.8154    0.8443    0.8767    0.5415    0.0307   0.04691  0.003326
    39/199     6.45G   0.03051   0.04519  0.001921   0.07762        38       640     0.831    0.8256    0.8723    0.5484   0.03069   0.04629  0.004337
    40/199     6.45G   0.03068   0.04546  0.001802   0.07795        62       640    0.8334    0.8187    0.8578    0.5289   0.03137   0.04658   0.00405
    41/199     6.45G   0.03065   0.04527   0.00189    0.0778        61       640    0.8292    0.8291    0.8683    0.5444   0.03084   0.04565  0.003686
    42/199     6.45G   0.03119   0.04579  0.001828    0.0788        52       640     0.838    0.8162    0.8653    0.5371   0.03107    0.0465  0.003242
    43/199     6.45G   0.03071   0.04414  0.001793   0.07664        34       640    0.8174    0.8248    0.8653    0.5474   0.02993    0.0449  0.003341
    44/199     6.45G   0.03023   0.04567    0.0017    0.0776        69       640    0.8087    0.8337    0.8603    0.5423    0.0304   0.04758  0.003802
    45/199     6.45G   0.03021   0.04428  0.001885   0.07638        80       640    0.8364    0.8337    0.8786    0.5484   0.03071   0.04752  0.003851
    46/199     6.46G   0.03048   0.04475  0.001823   0.07706        52       640    0.8279    0.8339    0.8725    0.5516   0.02998   0.04505   0.00378
    47/199     6.46G   0.03037   0.04652  0.001689   0.07858        72       640    0.8191    0.8338    0.8639    0.5514   0.03028   0.04558  0.003782
    48/199     6.46G   0.02953   0.04417  0.001715   0.07542        39       640    0.8312    0.8319    0.8712    0.5446   0.03043   0.04647  0.003491
    49/199     6.46G    0.0294   0.04425  0.001794   0.07545        52       640    0.8389    0.8088    0.8627    0.5362   0.03019   0.04542   0.00363
    50/199     6.46G   0.03009   0.04468  0.001736    0.0765        76       640    0.8478    0.8099     0.871    0.5563   0.03037   0.04601  0.004012
    51/199     6.46G   0.02956   0.04397  0.001614   0.07515        49       640    0.8435    0.8257     0.871     0.549   0.03011     0.045  0.003418
    52/199     6.46G   0.02896   0.04388  0.001656    0.0745        90       640    0.8355    0.8102     0.859    0.5424   0.02997    0.0456  0.003801
    53/199     6.46G   0.02926   0.04451  0.001595   0.07537        61       640    0.8227    0.8233    0.8609    0.5391   0.03051   0.04517  0.003974
    54/199     6.46G   0.02918   0.04377  0.001564   0.07451        91       640    0.8438    0.8164    0.8693    0.5493   0.03012   0.04548  0.003195
    55/199     6.46G   0.02876   0.04377  0.001496   0.07402        63       640    0.8093    0.8495    0.8723     0.549   0.03013   0.04579  0.003115
    56/199     6.46G   0.02926   0.04439   0.00155    0.0752        58       640    0.8481    0.8225    0.8692    0.5566   0.03026   0.04627  0.003714
    57/199     6.46G   0.02897   0.04289   0.00161   0.07347        98       640    0.8535    0.8114    0.8666    0.5517   0.03033   0.04715  0.003325
    58/199     6.46G   0.02844   0.04269  0.001616   0.07275        51       640    0.8327    0.8356    0.8617     0.553   0.03048   0.04833  0.003443
    59/199     6.46G   0.02882   0.04359  0.001569   0.07398        89       640    0.8416    0.8018    0.8599    0.5388   0.03036    0.0468  0.003648
    60/199     6.46G   0.02852   0.04296  0.001525   0.07301        54       640    0.8402    0.8087    0.8563    0.5417   0.03045   0.04735  0.003332
    61/199     6.46G   0.02852   0.04285  0.001364   0.07273        94       640    0.8282    0.8313    0.8655    0.5531   0.02985    0.0481  0.004088
    62/199     6.46G   0.02826   0.04168  0.001669   0.07161        59       640    0.8236    0.8109    0.8598    0.5537   0.03035    0.0478  0.003923
    63/199     6.46G   0.02812   0.04262  0.001457   0.07219        51       640    0.8417    0.8226    0.8651    0.5528   0.02989   0.04677  0.003327
    64/199     6.46G   0.02841   0.04221  0.001413   0.07204        46       640    0.8465    0.8268    0.8761    0.5567   0.03017   0.04738  0.003071
    65/199     6.46G   0.02785   0.04075  0.001457   0.07006        53       640    0.8293    0.8541    0.8714    0.5514   0.03001   0.04498  0.003607
    66/199     6.46G   0.02784   0.04339  0.001498   0.07273        54       640    0.8382    0.8073    0.8613    0.5451   0.03025   0.04768  0.003685
    67/199     6.46G   0.02814   0.04132  0.001399   0.07086        71       640    0.8274    0.8128    0.8568    0.5436   0.03068   0.05007  0.004148
    68/199     6.46G   0.02757   0.04248  0.001429   0.07147        74       640    0.8226    0.8346    0.8588    0.5483   0.03012   0.04591  0.003866
    69/199     6.46G   0.02793   0.04279  0.001349   0.07207        67       640    0.8314    0.8241    0.8699    0.5591   0.02988   0.04606  0.002958
    70/199     6.46G   0.02745    0.0408  0.001345   0.06959        58       640    0.8534    0.8317     0.878    0.5609   0.02996   0.04616  0.003428
    71/199     6.46G   0.02744   0.04127  0.001314   0.07003        50       640    0.8315     0.835    0.8586    0.5535   0.02983   0.04541  0.003976
    72/199     6.46G   0.02756   0.04187  0.001377   0.07082        43       640    0.8365    0.8293    0.8633    0.5572   0.03018   0.04781  0.003524
    73/199     6.46G    0.0277   0.04097  0.001231    0.0699        53       640    0.8488    0.8156     0.864    0.5505   0.02981    0.0452  0.003714
    74/199     6.46G   0.02714   0.04116  0.001196    0.0695        63       640    0.8461    0.8305    0.8667    0.5469   0.03004   0.04583  0.003304
    75/199     6.46G   0.02706   0.04047  0.001276   0.06881        41       640    0.8642    0.8199    0.8728    0.5591    0.0302   0.04737  0.003921
    76/199     6.46G   0.02732   0.04105  0.001327    0.0697        60       640    0.8382    0.8225    0.8581    0.5479   0.03026   0.04822  0.003312
    77/199     6.46G   0.02682     0.041  0.001214   0.06904        41       640    0.8531    0.8187    0.8704    0.5611   0.02995    0.0467    0.0034
    78/199     6.46G   0.02695   0.04089  0.001178   0.06903        75       640    0.8572    0.7974    0.8518    0.5463    0.0308   0.05125  0.003873
    79/199     6.46G   0.02672   0.04077  0.001273   0.06876        62       640     0.857    0.8156    0.8662    0.5574   0.02996   0.04688   0.00347
    80/199     6.46G   0.02673   0.03977  0.001351   0.06785        58       640    0.8326    0.8458    0.8757     0.555   0.02989   0.04632  0.003134
    81/199     6.46G   0.02659   0.03988   0.00134   0.06781        52       640    0.8397    0.8164    0.8591    0.5509   0.03007   0.04748  0.003977
    82/199     6.46G   0.02685   0.04001  0.001189   0.06805        89       640    0.8301    0.8315    0.8602    0.5548   0.02992    0.0487  0.003419
    83/199     6.46G   0.02609   0.03913  0.001196   0.06641        61       640    0.8581    0.8028    0.8613    0.5556   0.02995    0.0485  0.003338
    84/199     6.46G   0.02633   0.03957   0.00118   0.06708        92       640    0.8626    0.8099    0.8743    0.5634   0.03008   0.04805  0.003225
    85/199     6.46G   0.02597   0.03927  0.001291   0.06653        49       640    0.8417    0.8229    0.8605     0.552   0.03004    0.0486  0.003667
    86/199     6.46G   0.02614   0.03954  0.001152   0.06683        54       640    0.8422    0.8267    0.8707    0.5647   0.02968   0.04742  0.003131
    87/199     6.46G   0.02624   0.03966  0.001125   0.06702        56       640    0.8518    0.8226    0.8656    0.5532   0.02984   0.04791  0.003561
    88/199     6.46G   0.02619   0.03987  0.001118   0.06718        94       640    0.8379    0.8283    0.8602    0.5519   0.02987   0.04905  0.003452
    89/199     6.46G   0.02577   0.03852  0.001185   0.06548        49       640    0.8437    0.8197    0.8595    0.5559   0.02989   0.04911  0.003643
    90/199     6.46G   0.02603   0.03912   0.00114   0.06629        75       640     0.847    0.8191     0.864    0.5579   0.03005   0.04885  0.003908
    91/199     6.46G    0.0259   0.03958  0.001131   0.06661        67       640    0.8586    0.7992    0.8516    0.5469   0.03052   0.05149  0.003712
    92/199     6.46G   0.02582   0.03901  0.001136   0.06596        38       640    0.8451    0.8321    0.8667    0.5645   0.03034   0.04959  0.003344
    93/199     6.46G   0.02561    0.0383  0.001131   0.06505        78       640    0.8604    0.8129    0.8614    0.5559   0.03002   0.04897  0.003898
    94/199     6.46G   0.02538   0.03908  0.001133    0.0656        27       640      0.86    0.8144    0.8657    0.5585   0.02999   0.04873  0.003187
    95/199     6.46G   0.02582   0.03946  0.001059   0.06634        68       640     0.859    0.8216    0.8713    0.5607   0.03027   0.04983  0.003608
    96/199     6.46G   0.02549   0.03804  0.001135   0.06467        96       640    0.8558    0.8168    0.8696      0.56   0.03032   0.05151   0.00331
    97/199     6.46G   0.02568    0.0389  0.001027    0.0656        21       640    0.8501    0.8211     0.865    0.5562   0.02978   0.04783  0.003632
    98/199     6.46G   0.02499   0.03878  0.001085   0.06485        95       640    0.8286    0.8408    0.8625    0.5577   0.02999   0.04953  0.004068
    99/199     6.46G   0.02505    0.0384  0.001012   0.06446        37       640    0.8358    0.8303    0.8631    0.5565   0.03005   0.04927  0.003564
   100/199     6.46G   0.02548   0.03784 0.0009409   0.06426        85       640    0.8595    0.8104    0.8621    0.5555   0.02997   0.05019  0.003719
   101/199     6.46G   0.02495   0.03748  0.001072    0.0635        75       640    0.8557     0.794    0.8497    0.5502   0.03049   0.05246  0.003679
   102/199     6.46G   0.02496   0.03741 0.0009762   0.06334        40       640    0.8453    0.8238    0.8607    0.5546   0.03004   0.04884  0.003997
   103/199     6.46G   0.02499   0.03733  0.001052   0.06338        44       640    0.8425    0.8179    0.8621    0.5559   0.03009   0.05033  0.003412
   104/199     6.46G   0.02511    0.0383 0.0009618   0.06437        51       640    0.8484    0.8294    0.8638    0.5553   0.03004   0.04987  0.003916
   105/199     6.46G   0.02475   0.03782  0.001162   0.06374        55       640    0.8523    0.8172    0.8545    0.5579   0.02952   0.04781  0.004273
   106/199     6.46G   0.02478   0.03786 0.0009225   0.06357        61       640    0.8575    0.8258    0.8629    0.5589   0.02998   0.04858   0.00362
   107/199     6.46G   0.02465   0.03708  0.001053   0.06278        62       640    0.8623    0.8109    0.8609    0.5589   0.03007   0.04989  0.003711
   108/199     6.46G    0.0245    0.0379  0.001116   0.06351        79       640     0.849    0.8147    0.8591    0.5579   0.03014   0.05015  0.003807
   109/199     6.46G    0.0246   0.03747  0.000898   0.06297        55       640     0.837    0.8308    0.8673    0.5602   0.03011   0.04987  0.003559
   110/199     6.46G   0.02408   0.03595 0.0009303   0.06096        35       640    0.8516    0.8171    0.8646    0.5618   0.02987   0.04798  0.003416
   111/199     6.46G   0.02431   0.03767 0.0009626   0.06294        68       640    0.8609    0.8124    0.8626    0.5575   0.03012   0.04916  0.003686
   112/199     6.46G   0.02428    0.0364 0.0009142   0.06159        48       640    0.8647    0.8115    0.8655    0.5632   0.02998   0.04886  0.003507
   113/199     6.46G   0.02397   0.03677 0.0009384   0.06168        82       640    0.8457    0.8288    0.8699    0.5681   0.03008   0.04937  0.003446
   114/199     6.46G   0.02388   0.03617 0.0008995   0.06095        33       640    0.8466    0.8346    0.8672    0.5633   0.02998   0.04939  0.003275
   115/199     6.46G   0.02417   0.03605   0.00088    0.0611        55       640    0.8729    0.8148    0.8682    0.5655   0.02983   0.04982  0.003555
   116/199     6.46G   0.02384   0.03641   0.00093   0.06118        78       640    0.8529     0.823    0.8662    0.5634   0.03029   0.05226  0.003906
   117/199     6.46G   0.02394   0.03733 0.0008535   0.06212        95       640    0.8418    0.8295    0.8586    0.5596   0.03053   0.05188  0.003835
   118/199     6.46G   0.02391   0.03704 0.0009652   0.06191        77       640    0.8303    0.8332    0.8642     0.564   0.03013   0.05067   0.00349
   119/199     6.46G   0.02336    0.0355 0.0008846   0.05974        82       640    0.8531    0.8171    0.8652    0.5625   0.03006   0.05017   0.00348
   120/199     6.46G    0.0236   0.03567 0.0008779   0.06015        79       640    0.8257    0.8537    0.8691    0.5629   0.03005   0.05141  0.003594
   121/199     6.46G   0.02357   0.03629 0.0009425    0.0608        71       640    0.8445    0.8269    0.8626    0.5643   0.03002   0.05007   0.00354
   122/199     6.46G   0.02327   0.03509  0.000936   0.05929        47       640    0.8312    0.8449    0.8698    0.5632   0.02998   0.05093  0.003423
   123/199     6.46G   0.02358   0.03603 0.0008829   0.06049        76       640    0.8299    0.8428    0.8626    0.5635   0.03045   0.05263  0.003948
   124/199     6.46G   0.02379   0.03583 0.0008747   0.06049        58       640    0.8565    0.8152    0.8621    0.5621   0.03018   0.05103  0.003423
   125/199     6.46G    0.0233   0.03541 0.0008659   0.05957        74       640    0.8539    0.8209    0.8673    0.5658   0.03014    0.0508  0.003624
   126/199     6.46G   0.02323   0.03542 0.0009032   0.05955        75       640     0.843    0.8231    0.8603    0.5609    0.0302   0.05056  0.003764
   127/199     6.46G   0.02348   0.03554 0.0008116   0.05983        41       640    0.8567    0.8226    0.8678    0.5663   0.03032   0.05212  0.003579
   128/199     6.46G   0.02337    0.0361 0.0008373    0.0603        71       640    0.8397    0.8336    0.8624    0.5588   0.03024   0.05228  0.003619
   129/199     6.46G   0.02332   0.03618 0.0008175   0.06032        94       640    0.8571    0.8142    0.8644    0.5647   0.03011   0.05167  0.003555
   130/199     6.46G   0.02277   0.03483 0.0007857   0.05839        69       640    0.8277    0.8426    0.8654    0.5615   0.02982   0.04886  0.003717
   131/199     6.46G     0.023   0.03491  0.000775   0.05869        89       640    0.8382      0.83    0.8653    0.5654   0.02997   0.05024  0.003384
   132/199     6.46G   0.02302   0.03518 0.0008138   0.05902        28       640    0.8475    0.8185    0.8596    0.5609   0.02983   0.04948  0.003389
   133/199     6.46G   0.02263   0.03463 0.0007612   0.05802        44       640    0.8281     0.834    0.8588    0.5636   0.02999   0.05116  0.003307
   134/199     6.46G   0.02258   0.03433 0.0007484   0.05766       109       640     0.858    0.8126    0.8626    0.5612   0.03005   0.05115  0.003645
   135/199     6.46G   0.02275   0.03527 0.0007958   0.05882        38       640     0.869    0.8188    0.8579    0.5618   0.03029   0.05232  0.003621
   136/199     6.46G   0.02274   0.03474 0.0007973   0.05828        48       640    0.8655    0.8084    0.8603    0.5593   0.03045   0.05261   0.00373
   137/199     6.46G   0.02251   0.03474 0.0008224   0.05807        50       640    0.8337    0.8335     0.861    0.5591   0.03034   0.05276  0.003405
   138/199     6.46G   0.02258   0.03407 0.0007605   0.05741       106       640    0.8484    0.8177    0.8624    0.5627   0.03016   0.05177  0.003592
   139/199     6.46G   0.02233   0.03398 0.0007484   0.05706        47       640    0.8354    0.8274    0.8604    0.5618    0.0305   0.05314  0.003742
   140/199     6.46G   0.02266   0.03415  0.000717   0.05752        42       640    0.8577     0.814    0.8605     0.561   0.03021   0.05361  0.003526
   141/199     6.46G   0.02234   0.03446 0.0008083    0.0576        60       640    0.8633     0.812    0.8574    0.5611   0.03052   0.05384  0.003514
   142/199     6.46G   0.02193   0.03413 0.0008414    0.0569        50       640     0.833    0.8268     0.858     0.565   0.03038   0.05352  0.003372
   143/199     6.46G   0.02228   0.03347 0.0006951   0.05644        48       640     0.837    0.8328    0.8616    0.5625   0.03047   0.05361  0.003543
   144/199     6.46G   0.02214   0.03393 0.0007288   0.05679        64       640    0.8473    0.8286    0.8633    0.5633   0.03024   0.05303  0.003245
   145/199     6.46G    0.0222   0.03366 0.0007064   0.05657        57       640    0.8359    0.8273    0.8593    0.5632   0.03035   0.05343  0.003453
   146/199     6.46G     0.022   0.03383 0.0007917   0.05663        50       640    0.8448    0.8279    0.8583    0.5633   0.03039   0.05402  0.003447
   147/199     6.46G   0.02156   0.03336 0.0007035   0.05562        57       640    0.8549    0.8157    0.8592    0.5616    0.0305   0.05495  0.003369
   148/199     6.46G     0.022   0.03343 0.0007131   0.05615        52       640    0.8335    0.8325    0.8574    0.5633   0.03034   0.05447  0.003339
   149/199     6.46G   0.02181   0.03417 0.0006821   0.05667        50       640    0.8687     0.795    0.8529     0.561   0.03033   0.05363  0.003534
   150/199     6.46G   0.02144   0.03267 0.0007147   0.05482        59       640    0.8721    0.7935    0.8576    0.5616   0.03015   0.05218  0.003424
   151/199     6.46G   0.02196   0.03386 0.0007338   0.05655        58       640     0.849    0.8169    0.8583    0.5642   0.03009   0.05285  0.003372
   152/199     6.46G   0.02158   0.03332 0.0007165   0.05562        40       640    0.8548    0.8019    0.8563    0.5642   0.03037    0.0539  0.003435
   153/199     6.46G    0.0213   0.03315  0.000713   0.05516        56       640    0.8391    0.8157     0.859    0.5613   0.03034   0.05324  0.003408
   154/199     6.46G   0.02145   0.03236 0.0007857   0.05459        61       640    0.8538     0.804    0.8602     0.562   0.03031   0.05367  0.003551
   155/199     6.46G   0.02148   0.03297 0.0006678   0.05512        59       640     0.855    0.8003    0.8555    0.5617   0.03048   0.05461  0.003666
   156/199     6.46G   0.02116   0.03315 0.0006557   0.05497        90       640    0.8409    0.8222    0.8584    0.5631   0.03037   0.05422  0.003572
   157/199     6.46G    0.0213   0.03238 0.0006257    0.0543        38       640    0.8402    0.8258    0.8617    0.5652   0.03034    0.0533  0.003501
   158/199     6.46G   0.02099   0.03295 0.0006373   0.05458        66       640    0.8338    0.8297    0.8601    0.5619   0.03025   0.05437  0.003537
   159/199     6.46G   0.02129   0.03274 0.0007181   0.05475        80       640    0.8349    0.8303    0.8602    0.5618    0.0304   0.05435  0.003242
   160/199     6.46G   0.02104   0.03188 0.0007269   0.05364        23       640    0.8343    0.8296     0.861    0.5629    0.0304   0.05409  0.003514
   161/199     6.46G   0.02115   0.03254  0.000698   0.05439        80       640    0.8579    0.8099    0.8593     0.561   0.03032   0.05461   0.00355
   162/199     6.46G   0.02111   0.03233 0.0007403   0.05418        64       640    0.8649    0.7968    0.8587    0.5606   0.03036   0.05453  0.003458
   163/199     6.46G   0.02076   0.03309 0.0006222   0.05448        55       640    0.8576    0.8125    0.8591    0.5603   0.03031   0.05427  0.003341
   164/199     6.46G   0.02064   0.03207 0.0005824   0.05329        58       640    0.8536    0.8198    0.8586    0.5602   0.03047   0.05474  0.003378
   165/199     6.46G    0.0208   0.03191 0.0006237   0.05334        75       640    0.8685    0.8032    0.8543    0.5621   0.03039   0.05507  0.003336
   166/199     6.46G   0.02097   0.03189 0.0005991   0.05347        62       640    0.8711    0.7972    0.8569    0.5599   0.03043   0.05552  0.003308
   167/199     6.46G   0.02081    0.0321 0.0006113   0.05352        56       640    0.8502    0.8239    0.8615    0.5629    0.0304    0.0554    0.0033
   168/199     6.46G   0.02072   0.03196 0.0006805   0.05336        28       640    0.8385    0.8343    0.8585    0.5602   0.03036   0.05549  0.003443
   169/199     6.46G   0.02082   0.03269 0.0006356   0.05414        70       640    0.8445    0.8164    0.8533    0.5618   0.03043   0.05598  0.003596
   170/199     6.46G   0.02077   0.03191 0.0006173    0.0533        47       640    0.8433     0.822    0.8534    0.5594   0.03053   0.05624  0.003571
   171/199     6.46G   0.02041   0.03121  0.000611   0.05224        48       640    0.8413     0.829    0.8584    0.5609   0.03041   0.05602   0.00365
   172/199     6.46G   0.02071   0.03217 0.0006119   0.05349        69       640    0.8433    0.8248    0.8572     0.561    0.0305   0.05674  0.003629
   173/199     6.46G   0.02055   0.03161 0.0006387    0.0528        77       640     0.848    0.8198    0.8568    0.5623   0.03052   0.05665  0.003526
   174/199     6.46G    0.0205    0.0325 0.0006473   0.05365        86       640    0.8488    0.8199    0.8547    0.5609   0.03042   0.05616   0.00365
   175/199     6.46G   0.02049   0.03165 0.0005825   0.05272        59       640    0.8378     0.826    0.8534    0.5601   0.03053   0.05637   0.00356
   176/199     6.46G   0.02052    0.0318 0.0006112   0.05294        58       640    0.8506    0.8226    0.8607    0.5631   0.03046   0.05612  0.003576
   177/199     6.46G   0.02015   0.03098 0.0005509   0.05169        72       640    0.8526    0.8204     0.861    0.5628   0.03051   0.05681  0.003564
   178/199     6.46G   0.02042   0.03133 0.0006842   0.05244        41       640    0.8493    0.8258    0.8578    0.5611   0.03054    0.0566  0.003706
   179/199     6.46G   0.02048   0.03104 0.0006596   0.05218        75       640     0.858     0.818    0.8571    0.5611   0.03048   0.05644  0.003698
   180/199     6.46G   0.02035   0.03143 0.0005632   0.05234        77       640     0.849    0.8225    0.8569    0.5631   0.03039   0.05537  0.003714
   181/199     6.46G   0.02026    0.0307 0.0005931   0.05155        58       640    0.8694    0.8059    0.8586    0.5634   0.03043   0.05506  0.003513
   182/199     6.46G   0.02012   0.03179 0.0005645   0.05247        74       640    0.8629    0.8136    0.8597    0.5637   0.03045   0.05601   0.00359
   183/199     6.46G   0.02025   0.03161 0.0006166   0.05248        71       640    0.8478    0.8261    0.8568    0.5624   0.03053    0.0564   0.00368
   184/199     6.46G   0.02004   0.03156 0.0005674   0.05216        68       640    0.8408    0.8295    0.8574    0.5612   0.03061   0.05671  0.003612
   185/199     6.46G   0.02006   0.03114 0.0005679   0.05177        62       640    0.8417    0.8294    0.8571    0.5619    0.0305   0.05641  0.003664
   186/199     6.46G   0.02008    0.0308 0.0004912   0.05137        64       640    0.8332    0.8294    0.8546    0.5599   0.03051   0.05657   0.00378
   187/199     6.46G   0.02011   0.03191 0.0005682   0.05258        83       640    0.8538    0.8105    0.8546    0.5621    0.0306   0.05692  0.003826
   188/199     6.46G    0.0201   0.03073 0.0006346   0.05147        56       640    0.8423    0.8213    0.8542    0.5636   0.03068   0.05715  0.003797
   189/199     6.46G   0.01999   0.03092 0.0005994    0.0515        58       640    0.8605    0.8069    0.8561    0.5631   0.03072   0.05706  0.003717
   190/199     6.46G   0.02008   0.03153 0.0005815    0.0522        76       640    0.8688    0.7986    0.8566    0.5629   0.03078   0.05773  0.003733
   191/199     6.46G   0.01986   0.03137 0.0005588   0.05179        60       640    0.8471    0.8217    0.8574    0.5642   0.03084   0.05795   0.00372
   192/199     6.46G   0.01998   0.03041 0.0005675   0.05096        59       640    0.8449    0.8239    0.8589    0.5641    0.0308   0.05768  0.003637
   193/199     6.46G   0.02009   0.03002 0.0005792   0.05069        51       640    0.8517    0.8194    0.8574     0.563   0.03082   0.05728  0.003607
   194/199     6.46G   0.01988   0.03105  0.000553   0.05148        82       640    0.8388    0.8271    0.8571    0.5618   0.03086   0.05775  0.003666
   195/199     6.46G   0.01948   0.03051 0.0005902   0.05059        57       640    0.8472    0.8167    0.8551     0.564   0.03069   0.05712  0.003679
   196/199     6.46G   0.01962   0.03114  0.000518   0.05127        58       640    0.8522    0.8152    0.8569    0.5649   0.03062   0.05662   0.00358
   197/199     6.46G   0.01982   0.03059 0.0005221   0.05092        69       640    0.8481    0.8261    0.8595    0.5658   0.03061   0.05694   0.00355
   198/199     6.46G   0.01979   0.03074 0.0005283   0.05106       107       640    0.8473     0.823    0.8576    0.5638   0.03059   0.05703  0.003666
   199/199     6.46G   0.01979   0.02969 0.0005726   0.05005        67       640    0.8473    0.8181    0.8553     0.562   0.03064   0.05791  0.003637
